% -------------------------------------------------------------------
%  Generated by MATLAB on 29-Oct-2021 00:47:39
%  MATLAB version: 8.4.0.150421 (R2014b)
% -------------------------------------------------------------------
                             

a = ...
  [-7 5 -9;
   2 -1 2;
   1 -1 2];

ans = [5; -1; -1];

b = 8;

c = ...
  [4 2 -3;
   7 -7 9;
   3 -5 6];

d = ...
  [6 3 2;
   2 13 -7;
   -1 6 2;
   -5 15 11];

m = 5;

n = 4;

